SimpleMeshFormat 1
1
Box02
8
-20 20 20
-20 -20 20
20 20 20
20 -20 20
20 20 -20
20 -20 -20
-20 20 -20
-20 -20 -20
12
1 0 1 2 0 0 1 0 0 1 0 0 1 0 0 0 1 1 0
1 1 3 2 0 0 1 0 0 1 0 0 1 0 1 1 1 1 0
2 2 3 4 1 0 0 1 0 0 1 0 0 0 0 0 1 1 0
2 3 5 4 1 0 0 1 0 0 1 0 0 0 1 1 1 1 0
1 4 5 6 0 0 -1 0 0 -1 0 0 -1 0 0 0 1 1 0
1 5 7 6 0 0 -1 0 0 -1 0 0 -1 0 1 1 1 1 0
2 6 7 0 -1 0 0 -1 0 0 -1 0 0 0 0 0 1 1 0
2 7 1 0 -1 0 0 -1 0 0 -1 0 0 0 1 1 1 1 0
3 6 0 4 0 1 0 0 1 0 0 1 0 0 0 0 1 1 0
3 0 2 4 0 1 0 0 1 0 0 1 0 0 1 1 1 1 0
3 1 7 3 0 -1 0 0 -1 0 0 -1 0 0 0 0 1 1 0
3 7 5 3 0 -1 0 0 -1 0 0 -1 0 0 1 1 1 1 0
